Matriz : [[16.0, 16.0, 16.0, 16.0], [16.0, 16.0, 16.0, 16.0], [16.0, 16.0, 16.0, 16.0], [16.0, 16.0, 16.0, 16.0]]
Linhas: 4
Colunas: 4
Cores : 8
Tempo Inicial : 2022-09-25 15:26:39.243010
Tempo Final : 2022-09-25 15:26:39.244004